20 100 4
5 6
6 10
5 4
4 5
4 16
3 18
8 15
15 14
6 4
6 2
19 1
7 17
7 17
19 6
6 1
17 0
18 5
13 1
8 15
3 8
18 2
13 8
10 14
0 9
6 17
19 14
1 13
3 8
5 11
13 18
7 5
11 18
5 13
3 16
13 8
1 4
1 14
4 18
8 6
13 0
13 15
0 8
7 16
15 3
18 16
10 12
18 2
0 12
5 10
0 8
15 4
15 7
7 3
11 2
11 19
3 12
8 4
3 9
0 16
14 10
18 1
3 1
1 12
13 15
6 3
2 8
14 18
16 1
11 0
18 15
3 16
13 15
12 13
14 0
16 18
17 1
16 11
10 18
11 2
9 12
8 15
10 17
4 1
9 14
17 18
10 17
8 3
8 15
19 17
9 2
13 15
11 13
18 15
10 7
12 7
0 14
13 11
14 10
8 1
12 17