50 625 4
4 14
6 19
15 37
34 36
43 1
41 31
49 16
7 2
20 8
32 37
2 41
39 13
15 17
11 21
10 32
33 32
31 19
20 28
36 7
0 48
18 35
11 44
2 48
21 35
1 17
26 31
41 18
47 13
25 14
40 39
47 25
35 42
23 22
26 36
49 46
8 35
17 20
43 28
0 38
38 48
36 4
46 30
16 39
40 32
4 43
4 42
16 2
29 14
4 40
28 38
5 45
14 36
33 34
21 25
12 49
29 5
32 12
20 25
33 42
23 42
39 35
29 1
24 4
44 11
7 24
9 8
38 33
25 33
33 28
12 33
49 23
19 34
25 36
2 11
46 18
1 38
45 14
7 34
16 26
25 12
26 32
34 7
27 29
14 21
13 28
40 18
39 41
38 25
40 27
48 49
41 1
16 32
44 31
48 44
5 28
42 18
49 15
43 22
10 32
48 6
10 2
6 48
22 25
30 39
28 23
26 8
14 20
6 29
44 40
49 24
19 35
31 21
18 14
23 8
21 2
30 42
29 37
32 21
11 12
29 6
26 8
4 48
14 43
15 5
21 37
48 37
42 4
24 16
24 11
42 48
17 11
21 9
6 2
19 5
22 24
22 16
31 34
8 2
47 36
41 20
48 28
29 14
20 16
35 22
49 25
47 1
24 43
39 7
2 29
49 9
6 21
42 36
18 46
3 48
41 26
33 24
43 0
40 5
34 32
6 5
14 6
1 29
39 8
21 37
45 9
39 43
35 19
30 18
9 8
40 25
34 31
29 25
24 8
4 23
4 48
22 5
5 27
14 29
22 31
14 27
48 26
32 45
2 47
37 18
14 19
22 39
14 19
38 15
13 24
15 36
47 38
43 46
10 16
20 14
5 39
42 20
0 20
15 20
10 15
1 14
38 16
25 32
48 8
10 37
27 37
32 25
38 10
7 15
17 36
29 37
31 34
13 7
28 12
25 22
17 16
6 0
48 32
9 29
18 12
28 41
48 6
16 46
41 10
11 12
43 28
17 27
21 19
42 37
19 22
17 11
13 12
30 35
16 34
11 13
6 38
38 8
12 25
15 32
39 8
40 39
25 31
13 10
19 32
13 39
43 2
30 25
36 16
3 22
40 17
44 25
42 14
44 39
34 4
33 32
2 25
0 8
14 37
15 38
25 47
1 37
29 41
36 23
45 34
15 47
10 31
26 12
36 14
49 32
33 16
0 25
7 14
28 40
10 43
44 42
37 27
3 28
15 48
22 15
5 34
31 14
41 9
49 14
24 9
39 15
44 26
5 25
41 13
2 41
43 31
45 4
24 27
21 29
45 31
1 10
30 41
9 38
34 43
49 2
11 0
15 42
25 0
25 48
14 16
20 27
25 27
29 5
41 8
49 34
9 17
26 43
13 18
26 44
12 32
13 25
10 9
0 13
3 21
40 47
24 36
46 36
15 20
38 0
7 45
35 18
7 43
40 32
42 38
44 26
39 18
31 27
48 31
15 4
37 38
13 37
37 22
13 1
29 20
28 41
47 25
36 22
19 46
47 40
29 10
15 48
33 11
32 15
41 36
31 11
40 4
22 19
31 35
46 14
28 12
3 29
22 32
37 45
33 31
18 45
32 46
3 8
16 5
25 10
16 9
22 48
41 9
6 45
29 37
4 46
26 3
0 16
1 26
49 6
35 9
8 9
29 21
11 30
16 38
11 39
20 16
39 22
41 31
30 38
5 6
15 10
46 8
42 29
31 35
43 5
5 19
12 13
24 48
8 48
16 42
41 18
17 9
35 15
2 45
36 27
26 30
5 11
3 1
23 37
22 25
2 27
46 1
47 3
25 36
16 12
11 1
8 4
47 7
11 39
45 17
25 32
40 38
44 19
4 48
14 19
42 13
35 18
19 35
40 1
6 47
48 31
47 37
40 24
30 35
32 12
14 17
48 9
29 36
38 4
12 25
37 7
42 15
49 25
36 16
5 30
9 47
11 35
31 0
26 21
19 20
37 25
17 4
13 46
41 34
16 1
31 5
40 4
1 42
38 24
23 29
47 45
37 36
26 2
25 39
9 24
20 46
4 10
47 41
2 8
45 23
21 26
13 44
18 19
15 32
5 11
6 8
16 25
1 39
7 12
47 1
33 9
3 30
6 48
14 34
40 19
9 15
5 1
33 45
31 12
40 42
43 31
0 44
13 44
39 18
22 24
42 18
5 26
34 47
0 17
42 7
42 48
31 20
10 38
31 17
19 6
32 3
39 9
27 34
21 33
18 22
17 7
17 36
42 28
29 33
34 23
13 30
20 14
40 43
13 44
16 24
27 45
18 30
11 29
5 43
7 26
48 19
44 2
8 35
1 33
1 17
31 25
26 43
9 20
39 12
30 20
15 42
16 45
11 2
32 30
34 7
45 31
22 24
40 38
6 20
14 36
15 34
42 1
31 28
7 23
27 26
6 21
12 34
18 23
49 2
12 49
47 32
2 42
2 47
31 34
12 48
42 24
6 3
27 45
37 28
35 44
26 43
8 19
18 3
22 29
48 9
49 8
2 44
21 1
28 46
25 7
14 2
15 9
49 26
20 42
6 2
22 14
39 24
46 25
34 40
13 40
20 42
48 26
1 6
1 30
40 1
33 6
16 3
24 5
9 25
46 36
36 35
15 37
9 49
14 41
13 45
39 42
49 19
7 12
44 21
1 21
14 38
49 17
46 24
0 31
11 32
28 38
41 19
26 47
20 2
22 33
45 12
22 18
4 23
20 15
49 16
39 36
42 39
31 37
19 17
49 34
24 29
48 46
0 36
35 16
0 1
1 35
6 21