200 1000 4
143 104
142 181
77 12
59 138
53 144
106 69
194 33
169 120
42 176
28 132
2 35
3 177
167 31
137 189
132 114
107 182
50 38
86 179
34 92
26 160
141 105
2 185
174 193
146 181
193 38
112 81
59 26
82 62
85 84
175 68
73 78
79 168
184 94
132 2
31 199
90 31
66 43
104 36
43 8
20 168
138 88
37 82
182 65
48 97
7 17
105 164
154 150
39 170
25 11
106 165
99 130
29 71
82 171
193 62
23 114
178 45
15 122
45 135
170 14
173 81
53 196
44 188
107 138
183 7
177 147
82 85
10 67
27 139
100 73
10 104
146 59
49 144
121 197
12 48
189 172
141 51
32 68
96 156
92 95
22 34
59 156
173 108
172 112
102 165
21 30
146 92
142 182
143 192
90 49
18 126
82 119
87 187
173 3
158 23
194 171
185 89
11 54
29 176
26 13
114 28
75 190
176 25
9 148
177 48
66 31
83 108
145 141
174 59
42 87
13 144
177 175
139 82
155 76
117 69
42 34
107 138
14 111
199 170
167 17
72 130
69 100
144 24
45 164
152 107
112 113
169 112
138 21
13 129
136 178
123 190
141 11
14 117
125 51
50 126
35 157
140 95
190 150
122 65
53 108
131 43
57 184
157 26
92 46
68 108
69 81
1 85
51 118
56 104
126 177
23 93
50 68
124 105
20 179
107 51
21 165
5 143
80 174
82 10
21 35
185 76
120 70
61 118
133 150
77 145
20 68
116 183
75 14
145 54
6 67
181 12
122 159
62 3
33 14
173 24
83 68
161 67
160 118
156 26
128 29
1 59
21 171
69 125
82 151
168 71
27 137
165 129
25 5
10 67
145 18
114 49
151 55
110 6
32 61
60 20
54 11
53 23
52 65
65 167
18 12
162 190
1 154
86 169
124 173
22 61
155 74
97 71
104 141
93 10
25 151
51 130
143 148
119 85
93 80
164 122
127 46
47 196
187 56
48 106
58 69
13 127
137 76
142 111
93 17
11 64
139 185
175 159
24 44
162 64
86 177
164 42
73 78
171 193
24 188
182 90
77 174
196 58
27 175
195 8
53 178
178 8
19 161
169 65
117 82
71 43
177 101
198 116
90 103
25 188
184 45
33 161
183 94
27 190
27 196
15 50
137 82
167 127
36 20
23 133
111 168
91 139
84 11
154 55
150 166
84 52
130 46
158 22
28 82
72 104
113 12
190 2
128 73
32 28
84 48
80 7
144 115
99 19
17 140
83 117
45 86
109 85
3 198
113 120
5 184
85 143
88 135
38 140
6 187
115 70
112 38
74 157
189 87
26 96
140 44
84 95
89 62
58 70
38 184
19 171
40 195
70 188
95 41
126 117
104 92
99 41
94 63
171 144
136 123
139 11
141 2
21 25
173 146
127 44
195 151
194 84
9 102
180 1
7 58
27 36
104 113
108 23
117 68
134 117
92 169
180 29
182 44
61 80
14 156
115 30
49 62
19 121
167 15
67 100
186 151
119 54
75 6
195 61
96 140
48 192
166 24
165 25
108 94
88 47
108 173
49 86
78 126
108 176
182 101
158 56
97 143
191 186
96 88
12 104
148 25
60 13
167 152
95 42
8 184
191 147
187 199
62 160
148 132
189 116
54 125
97 145
183 145
53 10
95 169
93 188
140 119
173 33
30 198
71 115
32 169
55 197
41 70
188 107
119 125
31 12
184 90
15 6
181 62
113 169
179 150
73 173
119 36
128 188
152 50
76 178
21 136
23 129
115 78
119 157
171 115
142 138
27 92
110 132
170 12
151 36
173 53
30 128
57 54
198 194
4 152
86 7
11 7
26 182
194 190
162 72
90 17
60 191
162 164
0 183
119 5
178 103
61 12
41 179
73 101
88 102
166 61
94 108
116 109
27 15
125 192
111 20
157 6
197 105
79 154
88 11
25 144
147 162
143 77
162 38
12 197
20 119
153 43
3 48
3 126
118 15
33 130
70 93
34 7
157 56
70 98
131 78
165 125
68 90
57 140
146 71
87 32
127 141
28 104
73 172
8 56
160 50
141 36
143 183
106 157
175 38
181 111
111 105
42 128
12 20
124 149
172 136
158 33
63 14
15 24
160 194
143 114
196 75
41 199
128 25
181 32
56 44
9 125
49 34
195 45
134 67
25 142
0 15
188 34
91 98
68 173
183 79
79 102
4 81
109 167
114 52
28 195
57 19
99 73
36 53
178 48
9 70
63 189
73 54
58 65
71 35
178 76
196 184
61 49
40 6
109 54
83 185
33 39
106 170
12 180
154 43
33 121
43 25
12 186
98 123
81 39
58 40
125 126
150 110
91 180
3 53
31 78
180 29
126 150
159 20
19 170
194 85
6 198
87 182
24 99
28 146
7 26
39 95
106 28
104 169
141 181
175 46
75 18
43 35
152 106
192 109
36 13
36 134
94 169
75 133
62 113
18 64
89 51
153 44
149 35
91 116
47 134
70 197
161 94
15 71
157 33
103 131
153 133
26 154
84 102
71 38
29 135
27 56
121 99
80 177
19 152
50 95
158 198
100 129
35 102
186 10
185 12
135 96
180 157
68 155
111 102
25 60
57 70
33 157
168 120
29 193
12 79
71 0
37 194
110 14
102 175
47 145
83 189
90 66
8 183
37 63
43 133
22 160
24 43
151 56
72 64
163 75
137 72
146 49
21 39
191 157
130 158
175 195
75 22
21 1
168 79
129 180
127 94
170 157
28 44
29 61
31 70
177 180
75 66
182 70
60 67
68 199
17 137
61 156
57 83
80 94
160 175
47 95
19 75
20 160
160 178
85 84
75 150
118 28
73 48
157 2
182 86
23 8
130 38
117 5
181 182
152 29
25 170
55 54
14 27
179 169
98 167
24 4
189 139
189 107
190 182
166 63
56 139
94 74
166 115
179 23
162 101
181 164
80 160
65 189
62 33
103 13
103 9
29 180
60 116
42 126
116 152
147 49
0 55
185 23
127 16
25 42
182 196
112 4
129 48
59 189
179 55
1 197
147 101
136 62
81 141
118 125
30 59
53 150
161 69
133 132
159 98
172 112
115 100
68 158
52 97
1 95
75 42
122 62
189 12
52 124
42 182
115 96
36 130
163 66
30 32
47 106
142 152
178 102
33 93
53 7
142 118
41 44
175 80
194 44
50 126
61 2
32 199
97 25
175 196
176 115
80 171
119 129
15 49
147 144
5 126
27 162
58 164
118 170
56 134
68 163
191 16
95 107
51 112
28 179
108 46
108 138
76 2
79 3
110 161
35 191
140 147
193 54
0 84
48 162
140 95
52 187
137 13
77 136
136 63
8 195
73 156
82 60
101 40
115 142
86 39
0 17
153 88
105 132
27 158
74 166
66 74
77 134
191 59
31 144
59 73
125 4
76 175
32 170
67 127
96 175
26 50
91 43
129 90
106 103
166 104
20 99
61 95
33 56
86 45
6 76
51 196
15 171
27 160
23 89
160 138
175 144
116 59
132 3
25 190
183 16
105 185
88 21
32 107
92 124
49 198
85 180
131 75
111 147
160 11
77 85
103 139
131 46
44 170
127 131
26 157
170 31
98 108
176 9
131 120
115 31
84 4
12 198
143 118
147 2
44 122
14 198
183 53
184 118
193 182
173 62
114 150
188 54
179 3
127 55
126 24
14 60
15 198
47 171
119 117
80 190
152 32
29 125
95 121
43 55
191 27
72 14
171 2
146 70
108 169
187 198
99 37
140 124
70 129
83 165
96 117
161 77
170 83
88 124
5 1
87 127
90 3
116 140
25 1
127 38
51 56
136 67
13 102
184 34
183 166
199 102
85 100
154 145
31 43
142 14
131 41
141 110
190 138
167 125
170 81
11 31
30 93
180 103
38 139
198 1
14 105
118 82
70 64
91 125
173 58
60 10
4 58
155 137
4 186
34 171
116 96
16 139
117 73
198 37
123 33
47 6
126 35
122 51
153 199
76 27
54 155
198 190
74 5
64 100
174 190
99 118
138 8
137 161
143 147
45 99
62 199
162 156
85 35
29 135
51 172
160 39
104 103
187 12
192 123
30 44
37 78
75 121
149 121
198 2
199 133
127 10
87 31
95 188
105 138
193 116
47 108
133 102
147 32
104 144
115 185
120 126
42 79
84 90
189 145
185 3
112 82
185 77
4 0
129 127
60 139
79 146
2 25
82 159
119 61
141 150
195 158
159 107
31 152
125 171
96 164
65 102
58 100
65 1
70 177
48 188
74 20
78 114
42 112
177 59
120 88
76 174
197 181
198 178
177 5
77 161
175 47
78 83
136 79
165 75
54 59
196 63
128 107
14 55
56 101
118 81
43 93
15 185
82 62
84 117
10 114
164 117
44 2
4 49
123 169
187 58
195 19
192 61
136 173
46 0
81 63
92 71
39 166
24 183
44 15
61 54
134 41
83 132
153 85
182 183
166 97
120 153
135 124
29 134
71 55
104 71
92 141
199 89
90 106
78 7
68 176
52 166
81 178
164 2