100 2500 4
29 7
85 61
3 20
57 73
19 45
60 41
47 22
70 37
62 32
43 41
52 40
0 8
47 63
76 40
57 51
80 8
73 1
58 41
42 53
34 74
10 32
52 27
59 30
66 45
51 40
64 74
44 90
11 27
26 40
36 45
80 31
52 74
47 4
42 97
64 72
42 68
57 61
57 90
59 2
52 22
36 19
56 98
52 56
47 97
9 70
65 42
65 35
24 98
20 26
66 41
52 70
65 30
10 2
34 17
14 41
42 45
0 27
55 94
70 48
36 91
51 83
11 21
58 21
34 35
39 26
7 31
89 72
28 19
15 45
45 25
59 75
86 75
74 83
51 90
7 91
34 83
38 87
99 26
99 1
30 13
28 63
45 40
64 35
70 40
57 45
20 40
86 77
58 18
38 44
8 35
28 79
57 79
67 47
42 51
72 61
33 12
21 88
15 17
33 6
10 18
70 98
91 97
43 77
85 69
27 45
86 55
52 91
58 54
44 96
14 88
59 74
58 77
15 88
75 81
62 20
33 4
15 79
27 50
85 68
11 37
16 46
10 25
47 82
47 56
9 4
19 2
21 41
65 43
57 42
38 93
70 18
67 8
60 93
22 25
33 46
71 22
2 1
10 99
9 51
57 26
26 41
74 98
14 20
46 25
5 92
89 79
5 61
71 75
65 53
72 81
8 53
30 81
82 32
15 2
10 41
47 2
77 90
64 26
91 63
66 25
71 48
2 32
38 79
85 8
23 87
59 51
70 95
76 31
39 91
76 13
28 72
77 50
71 77
10 86
80 61
24 74
51 50
46 98
85 84
64 83
9 99
10 12
71 70
58 63
0 81
24 45
67 6
68 54
58 75
73 94
8 94
76 19
80 82
92 18
93 50
70 35
72 35
23 30
2 81
3 91
39 87
9 63
0 94
99 97
75 35
36 89
24 26
47 17
23 79
68 31
28 99
95 63
62 12
85 18
56 83
27 12
20 75
95 13
71 63
22 81
34 46
5 94
46 31
86 46
84 6
45 61
11 69
76 70
16 49
95 12
84 90
27 74
36 84
43 87
58 12
33 82
84 22
42 77
75 97
86 48
26 63
38 46
60 50
56 49
7 51
30 17
33 87
72 49
64 79
58 95
86 72
3 24
16 98
59 22
22 63
59 58
89 48
47 44
80 53
43 90
52 94
60 12
52 99
74 87
67 87
8 74
28 21
62 25
75 40
30 32
11 31
44 81
10 78
59 46
66 48
28 82
21 54
16 48
59 99
64 53
64 98
16 72
11 48
59 86
0 25
68 97
64 22
9 66
0 53
5 43
56 78
2 96
7 26
20 32
76 74
67 2
56 81
43 73
21 31
8 98
57 81
37 41
5 72
70 90
22 50
33 2
75 41
33 26
3 77
57 30
14 49
59 41
67 48
34 82
59 39
46 81
7 78
52 51
14 6
67 88
59 64
34 24
52 68
85 92
57 68
11 13
15 22
91 13
11 93
75 83
47 79
21 35
38 88
37 90
11 68
16 40
53 78
93 87
27 98
80 73
10 30
45 41
99 83
86 44
64 40
23 17
24 77
67 58
76 55
42 30
42 21
24 51
82 1
11 43
15 82
76 89
39 94
2 90
65 13
89 6
10 68
38 51
68 96
42 44
45 81
85 99
85 94
66 26
37 17
10 88
33 32
43 81
14 95
14 42
7 83
15 51
55 61
60 13
62 86
10 35
69 41
14 96
91 96
51 12
59 1
77 54
58 17
77 17
9 30
53 61
23 18
34 79
66 51
4 25
29 31
73 79
45 63
59 56
60 53
62 72
16 69
3 87
70 21
62 68
85 26
11 92
48 79
47 32
73 78
43 51
86 82
72 6
20 1
51 97
80 97
52 13
34 48
62 75
76 66
67 54
58 25
34 4
36 18
67 74
93 17
67 39
4 79
30 79
34 27
62 61
4 83
73 63
74 17
68 18
38 19
43 40
84 53
11 73
33 21
65 37
10 40
21 81
23 95
52 61
75 18
38 12
52 87
24 21
59 48
99 88
10 42
44 63
0 69
80 45
15 77
80 92
70 1
52 17
52 63
45 96
33 98
82 6
9 98
52 64
0 79
23 86
48 18
67 40
69 1
19 75
29 95
23 43
43 72
29 45
71 69
11 15
58 98
80 13
34 89
3 17
0 30
14 89
27 87
0 46
80 63
99 22
11 50
37 81
60 98
20 45
92 63
10 93
52 96
91 81
38 17
66 1
84 77
62 89
73 40
21 90
85 20
75 25
14 31
10 63
3 26
47 41
22 96
86 95
59 81
89 77
15 25
5 56
3 81
5 88
58 88
46 41
36 21
60 97
30 54
99 49
38 37
72 32
85 24
33 77
80 93
0 13
36 58
5 77
57 84
52 86
36 12
85 64
55 13
93 81
74 32
38 82
82 35
20 96
33 94
33 61
82 54
0 83
14 22
77 88
21 83
85 31
28 17
3 82
74 61
93 32
56 6
5 63
24 88
7 25
76 35
85 50
36 68
85 51
64 48
82 17
3 19
16 22
60 39
53 83
10 92
3 53
14 64
39 25
91 41
48 90
62 48
57 63
65 47
66 18
27 35
57 66
76 75
52 58
85 70
16 32
39 13
2 35
38 13
28 32
82 81
89 2
64 49
36 27
52 25
29 77
28 12
84 94
0 1
10 98
23 13
74 97
92 61
86 25
10 46
37 87
47 68
24 41
52 93
76 53
42 82
84 96
70 83
99 2
65 54
85 79
70 82
37 32
71 43
72 79
92 54
64 81
33 37
36 26
33 84
57 35
59 4
42 55
65 95
67 7
56 18
73 83
85 75
0 49
44 94
76 51
71 95
67 78
59 27
66 22
43 30
0 61
39 45
59 66
9 73
80 75
71 15
23 69
38 24
8 13
99 6
76 84
11 81
45 90
16 42
80 7
38 54
82 88
43 1
52 21
70 61
62 18
16 84
65 27
80 86
0 75
46 78
29 22
76 88
80 77
16 97
57 25
53 13
71 31
57 94
67 44
51 63
77 25
36 97
58 96
33 91
34 94
22 78
56 79
27 46
95 79
10 48
52 35
59 97
73 97
62 63
68 61
69 98
28 75
52 4
15 53
60 26
66 30
76 54
59 93
84 18
62 77
30 63
19 97
3 94
33 75
95 17
91 35
36 95
10 24
42 88
43 49
65 91
4 31
4 32
3 45
99 95
26 17
67 56
66 88
37 12
56 87
34 95
59 37
9 18
43 98
51 49
75 50
57 37
62 31
36 1
60 4
7 30
34 51
67 27
0 6
34 13
36 25
76 41
39 44
58 61
14 66
33 54
10 22
44 78
14 72
8 69
65 12
67 46
36 17
89 82
7 56
11 61
38 7
89 61
23 96
5 97
3 30
34 55
73 50
34 61
36 66
66 74
86 74
84 48
10 64
62 55
27 68
60 91
8 68
9 1
53 50
74 40
34 70
39 95
58 40
3 47
60 58
24 50
5 81
36 74
39 61
34 50
84 12
95 88
39 17
36 42
38 61
30 35
85 96
0 96
67 50
75 88
67 13
43 26
9 83
5 45
36 7
39 22
82 61
38 90
23 56
86 31
56 97
9 32
67 20
38 75
3 8
15 73
36 93
60 17
24 46
16 95
8 54
58 45
33 50
59 6
76 72
67 42
7 69
74 90
20 81
3 42
86 79
33 95
66 6
30 1
15 50
43 56
19 1
71 90
84 56
11 25
92 50
0 48
68 12
34 96
9 7
86 13
71 44
86 97
5 7
84 13
65 7
43 17
66 77
16 50
10 13
91 17
56 61
11 84
55 87
30 88
20 90
51 54
89 93
69 50
52 41
37 25
9 21
85 41
36 48
5 2
16 12
11 66
46 49
85 13
76 91
76 15
58 53
44 97
57 49
0 99
76 63
77 81
37 96
58 4
68 32
67 66
16 31
15 12
29 73
10 69
73 25
67 98
48 12
45 1
52 6
38 77
62 53
43 22
27 69
20 31
57 6
85 42
93 1
71 45
7 13
51 31
36 79
89 94
99 41
0 51
23 35
39 18
67 73
58 22
3 1
82 78
38 99
80 18
76 49
56 32
52 47
38 22
42 63
3 55
29 98
14 44
9 26
55 90
76 17
66 94
42 83
19 90
16 74
28 96
19 35
19 72
8 1
99 55
29 37
95 94
80 2
37 54
57 56
80 99
47 83
0 42
80 32
33 22
3 63
62 4
8 72
59 19
37 79
34 64
85 82
86 21
39 96
20 97
74 12
47 93
34 25
76 77
24 83
80 72
10 84
89 51
70 68
66 61
44 13
99 51
58 26
7 40
21 94
64 18
29 1
85 45
89 44
38 78
27 30
67 69
62 94
14 98
36 53
46 1
20 92
5 24
19 91
9 54
45 13
92 83
99 18
67 63
47 61
29 39
15 90
48 31
67 17
15 37
42 73
70 12
76 32
23 97
52 75
5 64
42 90
99 81
33 19
47 54
14 2
3 40
59 47
86 41
29 55
71 49
72 63
77 98
33 30
69 18
8 6
56 17
99 93
9 31
20 51
0 89
67 43
85 1
52 1
34 45
22 61
84 82
58 56
55 63
20 13
27 78
66 78
14 77
56 1
64 94
0 17
86 45
39 55
43 13
55 40
57 39
39 48
70 32
74 81
92 94
53 35
52 84
11 8
42 26
10 17
34 2
86 6
59 24
14 69
0 87
24 37
20 25
14 93
11 77
37 35
16 54
77 35
53 17
22 79
95 54
24 40
70 45
29 25
2 49
43 54
28 47
70 51
64 50
0 55
93 97
62 17
28 22
28 88
42 94
9 91
67 26
52 39
76 44
42 93
33 39
99 32
58 30
33 20
0 93
36 78
64 46
9 93
70 6
10 50
67 79
28 39
60 63
46 61
57 95
26 54
4 13
8 44
34 93
26 90
36 90
59 83
57 53
71 1
19 26
28 51
38 89
70 79
68 78
56 90
52 30
20 18
0 54
34 68
65 26
89 55
36 94
19 77
10 47
42 12
36 81
38 92
74 13
10 79
22 49
20 35
29 32
28 77
53 94
43 75
52 98
29 40
65 32
65 6
52 2
16 53
93 78
29 58
62 64
66 69
47 87
89 21
60 37
11 41
28 83
99 30
89 54
85 37
9 39
10 94
9 13
22 94
68 79
58 48
4 40
52 73
62 79
38 96
52 8
43 48
65 58
86 37
14 24
23 77
3 96
72 31
70 81
23 63
9 17
22 13
70 53
36 69
60 45
99 68
60 15
80 19
67 72
70 77
45 6
66 95
74 18
5 19
21 78
3 39
42 48
60 61
36 43
95 18
91 49
34 39
36 30
69 90
34 12
53 25
37 13
23 61
99 90
7 93
58 92
16 58
11 55
28 94
67 83
16 88
99 45
77 49
99 87
70 31
26 31
58 97
36 40
91 98
24 22
67 99
27 25
38 64
71 96
64 87
33 40
39 46
85 2
62 41
62 8
9 12
5 73
42 96
70 92
28 69
45 88
38 86
65 70
42 92
57 43
28 48
65 41
62 40
80 43
7 41
22 1
84 81
29 88
76 12
5 75
60 84
66 73
5 87
47 78
64 75
10 51
80 91
22 18
3 64
19 93
19 44
95 49
26 83
0 2
67 49
52 46
47 40
34 37
30 49
15 74
58 87
33 17
60 48
80 90
80 30
15 55
2 88
62 15
34 18
9 75
2 50
84 37
57 46
16 75
30 31
52 89
27 81
57 50
38 98
95 96
67 35
8 37
85 93
71 82
0 86
23 88
37 98
71 92
15 92
85 40
75 87
46 17
28 35
75 78
28 41
66 12
70 4
75 98
29 49
67 95
52 19
27 31
67 24
92 96
74 6
89 83
23 26
3 75
58 13
42 95
23 53
91 25
15 18
15 31
74 54
5 32
9 46
23 20
86 18
9 89
3 83
91 94
47 1
53 54
39 54
82 31
19 79
38 72
9 19
36 15
43 61
0 68
47 74
29 66
59 91
21 49
19 31
71 94
99 54
82 49
10 15
58 1
20 79
58 91
85 66
14 17
59 45
44 98
26 98
7 44
77 1
95 35
14 19
33 96
23 75
38 73
36 4
67 4
59 94
65 98
0 95
22 35
7 77
71 91
27 96
67 51
51 13
66 91
73 6
30 94
62 47
99 69
24 95
39 49
19 54
14 73
92 25
33 7
57 96
9 61
89 40
48 96
59 15
72 17
15 61
42 37
15 69
85 72
60 88
60 70
20 93
47 90
5 13
9 47
7 98
14 45
99 53
77 79
60 66
24 73
39 50
68 6
33 43
64 30
65 2
58 81
15 32
5 1
19 46
5 96
48 17
68 13
76 94
55 96
59 44
21 61
5 4
36 75
36 51
38 1
85 44
99 73
65 40
16 20
20 55
39 37
60 30
66 49
59 54
80 6
19 51
51 25
73 61
60 83
95 98
86 87
73 12
7 1
2 94
57 86
51 87
74 41
16 26
92 79
5 22
7 4
52 54
59 31
3 66
72 97
36 86
34 26
86 26
4 97
16 1
16 27
60 1
64 92
71 61
89 68
0 15
44 83
92 98
58 93
3 93
38 50
42 61
10 19
16 61
57 87
5 93
16 77
70 26
34 54
44 50
28 42
29 86
2 83
5 35
21 87
24 93
56 94
8 49
27 82
84 72
7 53
28 25
59 12
42 31
11 2
14 87
70 25
3 18
48 54
89 78
3 72
91 54
65 93
11 87
33 31
34 20
57 91
43 94
11 45
27 37
10 45
34 1
8 75
57 18
58 37
60 8
68 90
29 50
2 87
33 78
8 79
84 46
20 49
4 18
9 50
75 13
74 96
80 1
0 74
3 74
27 72
5 58
55 1
9 45
57 98
10 70
7 90
89 97
29 12
9 55
53 97
60 86
47 37
76 48
34 73
23 93
34 98
38 18
85 32
64 56
38 58
10 81
10 90
8 51
16 94
14 12
67 91
29 68
76 46
11 44
23 27
82 79
59 69
19 63
3 22
24 17
20 94
16 99
14 13
11 86
43 63
70 49
71 42
68 50
80 94
59 40
33 42
65 61
34 87
76 45
84 31
20 21
34 69
57 89
5 47
38 81
10 6
20 48
29 6
10 8
23 50
47 46
23 72
43 78
42 46
76 97
42 6
20 54
51 6
62 51
47 92
0 84
29 42
76 8
28 64
15 95
56 50
42 69
62 98
0 40
57 12
46 96
92 90
47 6
26 88
72 1
52 7
23 24
80 44
20 72
5 99
99 40
71 4
21 13
28 74
43 93
47 48
80 55
39 77
85 58
64 54
10 96
38 43
19 87
36 73
42 22
51 61
57 92
11 79
76 79
84 61
34 22
10 26
24 68
5 86
55 32
80 64
10 39
69 78
38 32
65 79
2 79
65 31
20 4
5 8
7 37
43 31
14 79
76 93
8 81
43 18
62 27
36 37
47 91
20 2
59 88
85 55
60 95
9 96
15 44
33 35
45 87
59 8
14 15
89 73
62 43
75 31
33 64
4 50
43 96
14 61
3 51
24 63
71 8
10 74
23 94
7 88
86 61
19 41
36 98
71 46
42 91
36 50
10 49
0 82
51 41
55 50
24 44
8 46
62 50
5 39
5 89
22 12
43 79
71 26
16 70
71 39
68 40
66 2
11 99
28 56
68 98
5 69
65 75
58 31
62 2
11 89
20 46
5 6
28 92
89 63
82 98
43 82
23 7
43 55
53 1
22 54
70 69
3 86
55 41
52 53
23 51
75 32
33 13
57 47
85 48
95 6
45 78
0 63
52 72
92 12
53 12
74 49
72 18
62 13
0 77
44 25
4 6
24 92
0 31
0 43
28 81
5 50
29 51
19 37
47 49
70 93
74 1
42 87
45 83
89 12
33 72
10 91
80 98
89 25
7 12
7 22
65 63
73 49
27 61
76 25
46 13
85 22
65 24
71 2
14 84
3 25
27 1
99 96
66 79
65 69
76 87
85 98
33 25
85 89
24 31
67 22
80 66
5 74
57 77
43 2
67 64
52 95
28 26
52 20
19 69
3 12
38 35
92 88
14 1
24 13
29 27
14 43
58 44
65 82
47 73
86 40
7 82
42 78
42 75
4 63
23 78
28 78
65 55
77 87
77 40
62 87
26 81
59 73
15 21
3 97
70 88
5 51
62 84
93 25
5 79
16 2
28 24
36 35
27 26
84 2
9 22
47 31
59 26
36 46
64 55
2 61
23 25
42 2
37 94
62 37
93 40
65 90
16 86
20 12
92 40
24 78
16 68
23 6
44 40
10 82
15 98
47 69
39 32
27 51
57 93
3 69
76 20
36 32
68 81
84 55
52 31
30 50
33 51
24 79
22 40
11 49
46 50
11 20
99 92
65 49
20 98
59 96
22 83
36 24
29 89
67 18
29 56
38 74
53 6
43 25
48 6
65 50
24 32
15 35
38 26
45 97
10 73
10 55
9 24
52 82
62 58
65 96
71 18
55 54
20 68
39 56
85 91
65 51
28 4
15 68
75 79
51 81
29 70
43 12
84 25
86 73
76 99
82 40
44 18
86 2
99 91
27 56
99 46
29 82
65 20
23 1
44 88
67 94
33 58
48 81
60 69
71 37
77 32
76 42
14 7
15 72
60 68
5 31
85 17
67 90
8 73
36 88
80 46
5 25
57 44
71 56
42 13
59 68
24 18
42 81
34 99
67 68
66 31
36 72
47 18
59 21
58 73
9 81
27 91
10 61
57 82
29 78
24 61
84 35
8 97
89 87
86 69
86 83
52 18
68 49
80 41
60 21
59 50
43 83
29 94
58 94
26 79
43 53
3 99
33 70
10 53
16 63
67 82
70 94
7 18
16 51
4 61
5 20
11 46
14 55
86 50
33 45
23 73
84 54
75 63
80 47
34 78
38 83
58 90
16 41
23 70
5 70
19 88
39 81
21 12
69 61
80 69
72 98
60 56
48 50
15 78
59 49
64 78
9 25
23 68
84 87
16 4
66 44
34 91
5 40
36 99
3 68
89 53
80 50
60 40
14 97
39 1
3 89
62 46
9 69
47 21
91 88
27 6
36 56
66 53
29 72
86 63
16 47
62 45
91 50
33 56
68 88
59 70
42 49
57 64
72 12
24 54
19 32
44 31
8 93
99 44
23 54
39 51
85 12
53 41
80 70
7 17
59 78
4 35
74 31
27 22
14 51
28 84
8 87
38 20
45 12
44 61
3 35
69 35
70 46
85 25
56 13
2 18
56 31
30 83
14 27
72 96
93 88
55 31
91 12
71 20
92 32
14 39
59 84
27 54
34 6
47 77
16 13
15 49
51 94
0 45
45 17
29 18
30 78
28 45
26 50
27 88
22 32
71 93
26 12
91 61
9 72
43 21
53 49
11 56
66 63
77 6
3 2
16 25
42 50
89 32
60 20
71 30
29 47
24 87
85 77
9 48
59 61
66 92
14 18
92 97
8 88
46 79
99 63
93 6
42 41
85 63
66 97
19 78
51 18
53 88
10 72
48 98
33 90
53 87
62 1
16 8
27 79
3 73
9 97
22 6
67 70
4 49
89 88
38 84
42 54
74 50
39 73
64 25
57 41
23 92
23 19
34 8
7 21
75 94
70 44
0 19
16 24
27 17
10 1
59 18
57 88
71 41
19 81
19 98
69 13
72 94
84 32
14 30
71 97
62 19
77 41
64 88
16 56
34 30
65 68
62 69
76 22
67 55
75 49
99 61
80 68
27 92
62 6
34 32
10 97
99 12
9 92
65 88
36 44
21 50
46 40
86 92
65 66
65 44
24 96
29 15
47 13
93 63
56 35
76 90
73 31
57 55
48 61
74 25
10 4
80 95
39 12
48 35
15 46
60 99
8 77
95 83
7 73
36 39
67 21
67 96
95 50
93 96
9 42
33 73
37 1
16 96
23 84
84 73
28 86
84 83
2 63
3 90
0 18
62 83
85 27
22 31
80 96
15 87
14 8
19 53
38 47
93 79
39 79
93 61
60 32
46 12
23 81
68 1
64 4
0 32
59 53
11 98
99 79
92 31
29 48
57 97
8 31
92 81
76 6
3 7
28 7
62 21
84 50
93 54
57 32
58 46
34 19
43 6
48 49
71 32
45 35
59 42
42 17
56 12
67 81
39 4
0 78
26 13
20 37
64 97
85 95
8 41
33 49
69 12
62 39
36 49
73 90
86 35
73 87
66 55
75 1
14 86
62 93
42 1
11 6
85 4
57 19
29 69
53 96
5 46
57 1
20 83
71 7
5 26
62 70
64 21
3 61
80 54
65 87
20 69
38 27
9 95
69 96
67 37
28 46
4 81
15 81
11 30
33 8
33 83
20 44
76 64
66 56
52 44
28 50
29 21
7 46
3 37
74 94
29 83
80 42
86 49
37 63
95 31
34 53
53 31
39 92
34 92
62 96
59 90
0 50
64 31
66 81
34 72
27 95
80 51
85 73
80 15
43 37
95 25
45 18
10 7
42 40
69 6
64 37
59 55
46 32
43 4
36 63
19 61
53 98
19 40
60 49
16 81
67 30
71 6
66 90
19 73
48 41
93 35
7 81
3 56
64 44
55 79
65 45
16 73
8 95
58 6
15 94
24 82
14 40
8 40
23 47
22 90
23 12
62 56
0 37
10 37
65 84
5 21
85 35
99 25
11 26
29 63
26 97
36 8
82 12
26 49
33 68
76 2
46 35
52 49
69 83
92 6
52 78
82 94
7 74
84 21
20 17
15 75
62 81
60 64
14 74
28 89
19 49
39 21
84 78
67 25
14 53
34 90
59 72
91 31
95 81
89 90
2 31
16 91
11 17
70 96
11 72
73 54
86 88
14 91
38 53
33 27
33 48
80 39
38 63
71 51
14 81
57 8
10 31
27 48
57 4
39 31
67 53
5 53
92 1
36 61
43 44
16 87
9 74
34 21
16 45
2 13
76 61
37 18
65 17
70 56
60 46
9 20
95 1
33 69
28 58
72 40
7 72
80 78
19 74
2 78
74 35
38 49
10 54
19 82
15 48
8 4
76 68
82 25
69 32
23 44
91 87
80 4
57 69
28 27
53 79
99 21
28 95
70 55
73 18
59 79
64 96
39 75
16 6
33 63
5 44
70 74
75 90
46 6
29 43
14 56
99 72
71 13
36 55
36 70
47 72
86 56
65 73
52 37
9 27
76 26
11 70
65 92
29 54
14 63
69 40
43 97
60 90
68 63
67 19
71 98
55 98
5 78